{
 "cells": [
  {
   "cell_type": "code",
   "execution_count": 55,
   "metadata": {},
   "outputs": [],
   "source": [
    "from Bio import AlignIO\n",
    "from Bio import pairwise2\n",
    "from Bio.Seq import Seq\n",
    "from Bio import Entrez\n",
    "from dataclasses import dataclass\n",
    "import pandas as pd\n",
    "\n",
    "@dataclass\n",
    "class fastaseq:\n",
    "    header: str\n",
    "    seq: Seq\n",
    "\n",
    "Entrez.email = 'adam.jasinski@mif.stud.vu.lt'"
   ]
  },
  {
   "cell_type": "code",
   "execution_count": 66,
   "metadata": {},
   "outputs": [],
   "source": [
    "file = open(\"sequence.seq\", \"r\")\n",
    "ids = []\n",
    "for id in file.readlines():\n",
    "    ids.append(id.strip())\n",
    "    \n",
    "file.close()\n",
    "\n",
    "sequences = []\n",
    "\n",
    "file = open(\"sequences.fasta\", \"w\")\n",
    "for id in ids:\n",
    "    handle = Entrez.efetch(db=\"nuccore\", id=id, rettype=\"fasta\", retmode=\"text\")\n",
    "    record = handle.read()\n",
    "    file.write(record)\n",
    "    sequences.append(fastaseq(record.partition('\\n')[0], record.partition('\\n')[2]))\n",
    "    \n",
    "file.close()"
   ]
  },
  {
   "cell_type": "markdown",
   "metadata": {},
   "source": [
    "CODE  DESCRIPTION\n",
    "x     No parameters. Identical characters have score of 1, else 0.\n",
    "m     A match score is the score of identical chars, else mismatch\n",
    "      score.\n",
    "d     A dictionary returns the score of any pair of characters.\n",
    "c     A callback function returns scores.\n",
    "\n",
    "CODE  DESCRIPTION\n",
    "x     No gap penalties.\n",
    "s     Same open and extend gap penalties for both sequences.\n",
    "d     The sequences have different open and extend gap penalties.\n",
    "c     A callback function returns the gap penalties."
   ]
  },
  {
   "cell_type": "code",
   "execution_count": 73,
   "metadata": {},
   "outputs": [
    {
     "name": "stdout",
     "output_type": "stream",
     "text": [
      "            NR_177670.1 NR_177739.1 NR_177759.1 NR_177761.1 NR_177763.1 NR_177815.1 NR_177858.1 NR_112036.1 NR_108903.1 NR_025615.1 NR_147370.1 NR_041968.1 NR_041951.1 NR_114250.1 NR_114254.1 NR_114268.1 NR_114293.1 NR_114321.1 NR_114348.1 NR_114354.1 NR_108736.1 NR_108832.1 NR_108862.1 NR_108878.1 NR_108891.1 NR_108900.1 NR_108902.1 NR_108988.1 NR_108987.1 NR_108998.1\n",
      "NR_177670.1        1464      1256.0      1088.0      1307.0      1266.0      1067.0      1270.0      1061.0      1180.0      1203.0      1202.0      1191.0      1220.0      1163.0      1129.0      1172.0      1128.0      1096.0      1219.0      1189.0      1129.0      1184.0      1178.0      1204.0      1129.0      1116.0      1140.0      1151.0      1198.0      1141.0\n",
      "NR_177739.1      1256.0        1408      1015.0      1254.0      1199.0       994.0      1208.0      1044.0      1148.0      1175.0      1200.0      1159.0      1214.0      1162.0      1129.0      1156.0      1117.0      1105.0      1199.0      1190.0      1134.0      1172.0      1174.0      1177.0      1124.0      1115.0      1130.0      1154.0      1195.0      1133.0\n",
      "NR_177759.1      1088.0      1015.0        1177      1054.0      1056.0      1054.0      1078.0       917.0       970.0       990.0       987.0       984.0      1003.0       955.0       933.0       955.0       931.0       908.0      1002.0       983.0       932.0       975.0       968.0       989.0       934.0       925.0       944.0       953.0       974.0       942.0\n",
      "NR_177761.1      1307.0      1254.0      1054.0        1478      1257.0      1043.0      1255.0      1065.0      1203.0      1214.0      1221.0      1193.0      1239.0      1175.0      1145.0      1178.0      1133.0      1110.0      1209.0      1187.0      1140.0      1197.0      1187.0      1209.0      1114.0      1128.0      1134.0      1177.0      1202.0      1154.0\n",
      "NR_177763.1      1266.0      1199.0      1056.0      1257.0        1406      1056.0      1253.0      1038.0      1142.0      1170.0      1153.0      1147.0      1187.0      1120.0      1099.0      1142.0      1100.0      1079.0      1169.0      1142.0      1100.0      1137.0      1144.0      1162.0      1095.0      1077.0      1104.0      1116.0      1153.0      1108.0\n",
      "NR_177815.1      1067.0       994.0      1054.0      1043.0      1056.0        1163      1059.0       915.0       971.0       983.0       972.0       971.0       985.0       948.0       937.0       946.0       914.0       906.0       988.0       972.0       920.0       962.0       953.0       983.0       910.0       918.0       926.0       951.0       963.0       937.0\n",
      "NR_177858.1      1270.0      1208.0      1078.0      1255.0      1253.0      1059.0        1403      1044.0      1148.0      1175.0      1168.0      1149.0      1191.0      1130.0      1103.0      1139.0      1100.0      1072.0      1178.0      1150.0      1110.0      1136.0      1139.0      1170.0      1104.0      1086.0      1117.0      1132.0      1159.0      1104.0\n",
      "NR_112036.1      1061.0      1044.0       917.0      1065.0      1038.0       915.0      1044.0        1492      1097.0      1090.0      1076.0      1085.0      1092.0      1046.0      1057.0      1061.0      1054.0      1023.0      1105.0      1076.0      1047.0      1065.0      1081.0      1096.0      1000.0      1066.0      1024.0      1072.0      1065.0      1057.0\n",
      "NR_108903.1      1180.0      1148.0       970.0      1203.0      1142.0       971.0      1148.0      1097.0        1515      1203.0      1211.0      1195.0      1210.0      1172.0      1214.0      1175.0      1231.0      1187.0      1218.0      1190.0      1129.0      1165.0      1183.0      1214.0      1127.0      1235.0      1140.0      1173.0      1195.0      1227.0\n",
      "NR_025615.1      1203.0      1175.0       990.0      1214.0      1170.0       983.0      1175.0      1090.0      1203.0        1522      1230.0      1220.0      1245.0      1200.0      1154.0      1213.0      1137.0      1112.0      1263.0      1237.0      1157.0      1199.0      1235.0      1397.0      1140.0      1162.0      1164.0      1327.0      1242.0      1158.0\n",
      "NR_147370.1      1202.0      1200.0       987.0      1221.0      1153.0       972.0      1168.0      1076.0      1211.0      1230.0        1518      1212.0      1270.0      1189.0      1172.0      1196.0      1170.0      1136.0      1273.0      1236.0      1178.0      1220.0      1229.0      1247.0      1147.0      1177.0      1158.0      1211.0      1227.0      1180.0\n",
      "NR_041968.1      1191.0      1159.0       984.0      1193.0      1147.0       971.0      1149.0      1085.0      1195.0      1220.0      1212.0        1527      1231.0      1194.0      1167.0      1358.0      1170.0      1132.0      1251.0      1221.0      1157.0      1196.0      1221.0      1219.0      1188.0      1162.0      1210.0      1194.0      1297.0      1181.0\n",
      "NR_041951.1      1220.0      1214.0      1003.0      1239.0      1187.0       985.0      1191.0      1092.0      1210.0      1245.0      1270.0      1231.0        1533      1203.0      1164.0      1206.0      1165.0      1117.0      1305.0      1259.0      1184.0      1246.0      1256.0      1236.0      1153.0      1157.0      1169.0      1205.0      1221.0      1163.0\n",
      "NR_114250.1      1163.0      1162.0       955.0      1175.0      1120.0       948.0      1130.0      1046.0      1172.0      1200.0      1189.0      1194.0      1203.0        1431      1142.0      1208.0      1144.0      1114.0      1206.0      1197.0      1131.0      1167.0      1189.0      1188.0      1150.0      1128.0      1160.0      1177.0      1230.0      1153.0\n",
      "NR_114254.1      1129.0      1129.0       933.0      1145.0      1099.0       937.0      1103.0      1057.0      1214.0      1154.0      1172.0      1167.0      1164.0      1142.0        1461      1157.0      1223.0      1263.0      1171.0      1164.0      1137.0      1170.0      1162.0      1151.0      1097.0      1205.0      1123.0      1150.0      1166.0      1303.0\n",
      "NR_114268.1      1172.0      1156.0       955.0      1178.0      1142.0       946.0      1139.0      1061.0      1175.0      1213.0      1196.0      1358.0      1206.0      1208.0      1157.0        1500      1163.0      1128.0      1223.0      1219.0      1140.0      1179.0      1223.0      1200.0      1191.0      1149.0      1214.0      1187.0      1303.0      1171.0\n",
      "NR_114293.1      1128.0      1117.0       931.0      1133.0      1100.0       914.0      1100.0      1054.0      1231.0      1137.0      1170.0      1170.0      1165.0      1144.0      1223.0      1163.0        1476      1162.0      1160.0      1148.0      1111.0      1141.0      1157.0      1151.0      1110.0      1193.0      1121.0      1135.0      1186.0      1209.0\n",
      "NR_114321.1      1096.0      1105.0       908.0      1110.0      1079.0       906.0      1072.0      1023.0      1187.0      1112.0      1136.0      1132.0      1117.0      1114.0      1263.0      1128.0      1162.0        1410      1142.0      1116.0      1105.0      1126.0      1120.0      1114.0      1092.0      1168.0      1128.0      1110.0      1133.0      1263.0\n",
      "NR_114348.1      1219.0      1199.0      1002.0      1209.0      1169.0       988.0      1178.0      1105.0      1218.0      1263.0      1273.0      1251.0      1305.0      1206.0      1171.0      1223.0      1160.0      1142.0        1541      1356.0      1217.0      1273.0      1356.0      1261.0      1165.0      1158.0      1186.0      1226.0      1250.0      1167.0\n",
      "NR_114354.1      1189.0      1190.0       983.0      1187.0      1142.0       972.0      1150.0      1076.0      1190.0      1237.0      1236.0      1221.0      1259.0      1197.0      1164.0      1219.0      1148.0      1116.0      1356.0        1519      1200.0      1249.0      1315.0      1239.0      1164.0      1155.0      1174.0      1220.0      1245.0      1158.0\n",
      "NR_108736.1      1129.0      1134.0       932.0      1140.0      1100.0       920.0      1110.0      1047.0      1129.0      1157.0      1178.0      1157.0      1184.0      1131.0      1137.0      1140.0      1111.0      1105.0      1217.0      1200.0        1457      1275.0      1186.0      1173.0      1106.0      1107.0      1126.0      1152.0      1168.0      1124.0\n",
      "NR_108832.1      1184.0      1172.0       975.0      1197.0      1137.0       962.0      1136.0      1065.0      1165.0      1199.0      1220.0      1196.0      1246.0      1167.0      1170.0      1179.0      1141.0      1126.0      1273.0      1249.0      1275.0        1487      1227.0      1194.0      1126.0      1125.0      1142.0      1183.0      1200.0      1162.0\n",
      "NR_108862.1      1178.0      1174.0       968.0      1187.0      1144.0       953.0      1139.0      1081.0      1183.0      1235.0      1229.0      1221.0      1256.0      1189.0      1162.0      1223.0      1157.0      1120.0      1356.0      1315.0      1186.0      1227.0        1500      1239.0      1154.0      1152.0      1167.0      1207.0      1235.0      1159.0\n",
      "NR_108878.1      1204.0      1177.0       989.0      1209.0      1162.0       983.0      1170.0      1096.0      1214.0      1397.0      1247.0      1219.0      1236.0      1188.0      1151.0      1200.0      1151.0      1114.0      1261.0      1239.0      1173.0      1194.0      1239.0        1533      1141.0      1170.0      1160.0      1331.0      1237.0      1162.0\n",
      "NR_108891.1      1129.0      1124.0       934.0      1114.0      1095.0       910.0      1104.0      1000.0      1127.0      1140.0      1147.0      1188.0      1153.0      1150.0      1097.0      1191.0      1110.0      1092.0      1165.0      1164.0      1106.0      1126.0      1154.0      1141.0        1383      1113.0      1250.0      1129.0      1216.0      1105.0\n",
      "NR_108900.1      1116.0      1115.0       925.0      1128.0      1077.0       918.0      1086.0      1066.0      1235.0      1162.0      1177.0      1162.0      1157.0      1128.0      1205.0      1149.0      1193.0      1168.0      1158.0      1155.0      1107.0      1125.0      1152.0      1170.0      1113.0        1450      1125.0      1154.0      1173.0      1221.0\n",
      "NR_108902.1      1140.0      1130.0       944.0      1134.0      1104.0       926.0      1117.0      1024.0      1140.0      1164.0      1158.0      1210.0      1169.0      1160.0      1123.0      1214.0      1121.0      1128.0      1186.0      1174.0      1126.0      1142.0      1167.0      1160.0      1250.0      1125.0        1423      1144.0      1229.0      1142.0\n",
      "NR_108988.1      1151.0      1154.0       953.0      1177.0      1116.0       951.0      1132.0      1072.0      1173.0      1327.0      1211.0      1194.0      1205.0      1177.0      1150.0      1187.0      1135.0      1110.0      1226.0      1220.0      1152.0      1183.0      1207.0      1331.0      1129.0      1154.0      1144.0        1471      1216.0      1141.0\n",
      "NR_108987.1      1198.0      1195.0       974.0      1202.0      1153.0       963.0      1159.0      1065.0      1195.0      1242.0      1227.0      1297.0      1221.0      1230.0      1166.0      1303.0      1186.0      1133.0      1250.0      1245.0      1168.0      1200.0      1235.0      1237.0      1216.0      1173.0      1229.0      1216.0        1494      1183.0\n",
      "NR_108998.1      1141.0      1133.0       942.0      1154.0      1108.0       937.0      1104.0      1057.0      1227.0      1158.0      1180.0      1181.0      1163.0      1153.0      1303.0      1171.0      1209.0      1263.0      1167.0      1158.0      1124.0      1162.0      1159.0      1162.0      1105.0      1221.0      1142.0      1141.0      1183.0        1471\n"
     ]
    }
   ],
   "source": [
    "pd.set_option('display.max_colwidth', None)\n",
    "pd.set_option('display.max_columns', None)\n",
    "pd.set_option('display.expand_frame_repr', False)\n",
    "df = pd.DataFrame(None, columns=ids, index=ids)\n",
    "\n",
    "alignment = AlignIO.read(open(\"aligned_sequences.fasta\"), \"fasta\")\n",
    "\n",
    "for i, seq1 in enumerate(sequences):\n",
    "    for j, seq2 in enumerate(sequences):\n",
    "        if seq1.header == seq2.header:\n",
    "            df.at[ids[i],ids[j]] = len(seq1.seq)\n",
    "            continue\n",
    "        alignmentScore = pairwise2.align.globalxx(seq1.seq, seq2.seq, score_only=True)\n",
    "        df.at[ids[i],ids[j]] = alignmentScore\n",
    "\n",
    "print(df)"
   ]
  }
 ],
 "metadata": {
  "kernelspec": {
   "display_name": "Python 3.10.8 64-bit",
   "language": "python",
   "name": "python3"
  },
  "language_info": {
   "codemirror_mode": {
    "name": "ipython",
    "version": 3
   },
   "file_extension": ".py",
   "mimetype": "text/x-python",
   "name": "python",
   "nbconvert_exporter": "python",
   "pygments_lexer": "ipython3",
   "version": "3.10.8"
  },
  "orig_nbformat": 4,
  "vscode": {
   "interpreter": {
    "hash": "767d51c1340bd893661ea55ea3124f6de3c7a262a8b4abca0554b478b1e2ff90"
   }
  }
 },
 "nbformat": 4,
 "nbformat_minor": 2
}
