{
 "cells": [
  {
   "cell_type": "code",
   "execution_count": 2,
   "metadata": {},
   "outputs": [],
   "source": [
    "from Bio import pairwise2\n",
    "from Bio.Seq import Seq\n",
    "from Bio import Entrez\n",
    "from dataclasses import dataclass\n",
    "import pandas as pd\n",
    "\n",
    "@dataclass\n",
    "class fastaseq:\n",
    "    header: str\n",
    "    seq: Seq\n",
    "\n",
    "Entrez.email = 'adam.jasinski@mif.stud.vu.lt'"
   ]
  },
  {
   "cell_type": "code",
   "execution_count": 3,
   "metadata": {},
   "outputs": [],
   "source": [
    "file = open(\"sequence.seq\", \"r\")\n",
    "ids = []\n",
    "for id in file.readlines():\n",
    "    ids.append(id.strip())\n",
    "    \n",
    "file.close()\n",
    "\n",
    "sequences = []\n",
    "\n",
    "file = open(\"sequences.fasta\", \"w\")\n",
    "for id in ids[:20]:\n",
    "    handle = Entrez.efetch(db=\"nuccore\", id=id, rettype=\"fasta\", retmode=\"text\")\n",
    "    record = handle.read()\n",
    "    file.write(record)\n",
    "    sequences.append(fastaseq(record.partition('\\n')[0], record.partition('\\n')[2]))\n",
    "    \n",
    "file.close()"
   ]
  },
  {
   "cell_type": "markdown",
   "metadata": {},
   "source": [
    "CODE  DESCRIPTION\n",
    "x     No parameters. Identical characters have score of 1, else 0.\n",
    "m     A match score is the score of identical chars, else mismatch\n",
    "      score.\n",
    "d     A dictionary returns the score of any pair of characters.\n",
    "c     A callback function returns scores.\n",
    "\n",
    "CODE  DESCRIPTION\n",
    "x     No gap penalties.\n",
    "s     Same open and extend gap penalties for both sequences.\n",
    "d     The sequences have different open and extend gap penalties.\n",
    "c     A callback function returns the gap penalties."
   ]
  },
  {
   "cell_type": "code",
   "execution_count": 34,
   "metadata": {},
   "outputs": [
    {
     "name": "stdout",
     "output_type": "stream",
     "text": [
      "            NR_177670.1 NR_177739.1 NR_177759.1 NR_177761.1 NR_177763.1 NR_177815.1 NR_177858.1 NR_112036.1 NR_108903.1 NR_025615.1 NR_147370.1 NR_041968.1 NR_041951.1 NR_114250.1 NR_114254.1 NR_114268.1 NR_114293.1 NR_114321.1 NR_114348.1 NR_114354.1\n",
      "NR_177670.1  0.95003245  0.73062946   0.6358209  0.76573653  0.74140169  0.61187541   0.7476963  0.49967554  0.61875406  0.64263465  0.65107073  0.63341986  0.66683971  0.62167424  0.58332252  0.61959766  0.57637897  0.56125892  0.66073978  0.63523686\n",
      "NR_177739.1  0.73062946  0.91369241  0.56917586  0.72096042  0.68565866  0.55107073  0.70233615  0.49039585  0.59740428  0.62342635  0.65541856  0.61550941  0.66690461  0.62589228  0.58961713  0.61083712   0.5724854  0.57670344  0.64613887  0.64114212\n",
      "NR_177759.1   0.6358209  0.56917586  0.76378975  0.59338092  0.60304997  0.62719014  0.62998053  0.43160286   0.4889682  0.50447761  0.50324465  0.49876703  0.51680727  0.47884491  0.45658663  0.47663855  0.45561324   0.4541207  0.51849448  0.49772875\n",
      "NR_177761.1  0.76573653  0.72096042  0.59338092  0.95911746  0.72855289  0.58241402  0.72900714  0.50097339  0.63867618  0.65171966  0.66353018  0.63160286  0.67741726  0.62712524  0.59136924  0.61700195  0.57988319  0.56761843  0.64542505  0.62602206\n",
      "NR_177763.1  0.74140169  0.68565866  0.60304997  0.72855289  0.91239455  0.60012979  0.73199221  0.48968202  0.59331603  0.62225827   0.6155743  0.59987021  0.64198572  0.59201817  0.56476314  0.60590526  0.55885788  0.55535367  0.62433485  0.59954575\n",
      "NR_177815.1  0.61187541  0.55107073  0.62719014  0.58241402  0.60012979  0.75470474  0.60603504   0.4275146  0.48105127  0.50304997   0.4935756   0.4907852  0.51044776  0.47534069  0.46307592  0.47501622  0.43971447  0.44763141  0.51473069   0.4963011\n",
      "NR_177858.1   0.7476963  0.70233615  0.62998053  0.72900714  0.73199221  0.60603504  0.91044776   0.4990915  0.60356911  0.62621674  0.63153796  0.60317975  0.65496431  0.59961064  0.57319922  0.60084361  0.56132382  0.55094095  0.63419857  0.61135626\n",
      "NR_112036.1  0.49967554  0.49039585  0.43160286  0.50097339  0.48968202   0.4275146   0.4990915  0.96820247  0.52264763  0.51732641  0.50441272  0.50622972  0.51550941  0.48857884  0.48942245  0.48812459  0.48760545  0.47280986   0.5238157  0.50142764\n",
      "NR_108903.1  0.61875406  0.59740428   0.4889682  0.63867618  0.59331603  0.48105127  0.60356911  0.52264763  0.98312784  0.63510707  0.64756652  0.62433485  0.63335496  0.61518494  0.66022064  0.60986372   0.6780013  0.64263465  0.63984426  0.61946788\n",
      "NR_025615.1  0.64263465  0.62342635  0.50447761  0.65171966  0.62225827  0.50304997  0.62621674  0.51732641  0.63510707  0.98767034  0.66567164  0.65366645  0.67637897  0.64568462  0.59110967  0.64367294  0.57047372  0.56476314  0.69260221   0.6733939\n",
      "NR_147370.1  0.65107073  0.65541856  0.50324465  0.66353018   0.6155743   0.4935756  0.63153796  0.50441272  0.64756652  0.66567164  0.98507463  0.64367294  0.70973394  0.64049319  0.61038287  0.63835172  0.60895522  0.59422453  0.70064893  0.67105775\n",
      "NR_041968.1  0.63341986  0.61550941  0.49876703  0.63160286  0.59987021   0.4907852  0.60317975  0.50622972  0.62433485  0.65366645  0.64367294  0.99091499  0.65853342  0.64185594   0.6064244  0.80668397  0.60317975  0.58870863  0.67319922  0.64886437\n",
      "NR_041951.1  0.66683971  0.66690461  0.51680727  0.67741726  0.64198572  0.51044776  0.65496431  0.51550941  0.63335496  0.67637897  0.70973394  0.65853342  0.99480857   0.6495782  0.60259572  0.63685918  0.59863725  0.56632057   0.7348475  0.69240753\n",
      "NR_114250.1  0.62167424  0.62589228  0.47884491  0.62712524  0.59201817  0.47534069  0.59961064  0.48857884  0.61518494  0.64568462  0.64049319  0.64185594   0.6495782  0.92861778  0.59149903  0.65561324  0.59104478  0.58500973  0.65463984  0.64750162\n",
      "NR_114254.1  0.58332252  0.58961713  0.45658663  0.59136924  0.56476314  0.46307592  0.57319922  0.48942245  0.66022064  0.59110967  0.61038287   0.6064244  0.60259572  0.59149903  0.94808566  0.59746918  0.67242051  0.73432836  0.60661908  0.60051914\n",
      "NR_114268.1  0.61959766  0.61083712  0.47663855  0.61700195  0.60590526  0.47501622  0.60084361  0.48812459  0.60986372  0.64367294  0.63835172  0.80668397  0.63685918  0.65561324  0.59746918   0.9733939  0.59798832  0.57975341  0.64828034  0.64633355\n",
      "NR_114293.1  0.57637897   0.5724854  0.45561324  0.57988319  0.55885788  0.43971447  0.56132382  0.48760545   0.6780013  0.57047372  0.60895522  0.60317975  0.59863725  0.59104478  0.67242051  0.59798832   0.9578196  0.62303699  0.59565217  0.58332252\n",
      "NR_114321.1  0.56125892  0.57670344   0.4541207  0.56761843  0.55535367  0.44763141  0.55094095  0.47280986  0.64263465  0.56476314  0.59422453  0.58870863  0.56632057  0.58500973  0.73432836  0.57975341  0.62303699  0.91499027  0.59169371  0.57118754\n",
      "NR_114348.1  0.66073978  0.64613887  0.51849448  0.64542505  0.62433485  0.51473069  0.63419857   0.5238157  0.63984426  0.69260221  0.70064893  0.67319922   0.7348475  0.65463984  0.60661908  0.64828034  0.59565217  0.59169371         1.0  0.79578196\n",
      "NR_114354.1  0.63523686  0.64114212  0.49772875  0.62602206  0.59954575   0.4963011  0.61135626  0.50142764  0.61946788   0.6733939  0.67105775  0.64886437  0.69240753  0.64750162  0.60051914  0.64633355  0.58332252  0.57118754  0.79578196  0.98572356\n",
      "0.8066839714471122\n"
     ]
    }
   ],
   "source": [
    "pd.set_option('display.max_colwidth', None)\n",
    "pd.set_option('display.max_columns', None)\n",
    "pd.set_option('display.expand_frame_repr', False)\n",
    "pd.set_option(\"display.precision\", 2)\n",
    "df = pd.DataFrame(None, columns=ids[:20], index=ids[:20])\n",
    "\n",
    "max = 0\n",
    "maxPos = (0, 0)\n",
    "for i, seq1 in enumerate(sequences):\n",
    "    for j, seq2 in enumerate(sequences):\n",
    "        alignmentScore = pairwise2.align.globalms(seq1.seq, seq2.seq, 5, -4, -3, -0.5, score_only=True)\n",
    "        if alignmentScore > max:\n",
    "            max = alignmentScore\n",
    "            maxPos = (i, j)\n",
    "        df.at[ids[i],ids[j]] = alignmentScore\n",
    "df=(df/max).round(2)\n",
    "print(df)"
   ]
  }
 ],
 "metadata": {
  "kernelspec": {
   "display_name": "Python 3.10.8 64-bit",
   "language": "python",
   "name": "python3"
  },
  "language_info": {
   "codemirror_mode": {
    "name": "ipython",
    "version": 3
   },
   "file_extension": ".py",
   "mimetype": "text/x-python",
   "name": "python",
   "nbconvert_exporter": "python",
   "pygments_lexer": "ipython3",
   "version": "3.10.9"
  },
  "orig_nbformat": 4,
  "vscode": {
   "interpreter": {
    "hash": "767d51c1340bd893661ea55ea3124f6de3c7a262a8b4abca0554b478b1e2ff90"
   }
  }
 },
 "nbformat": 4,
 "nbformat_minor": 2
}
